1928 1882
4882 6537
8392 3278
560 1364
2959 5734
6648 5014
735 2363
4658 9785
1918 2206
6932 8281
9053 3932
1190 3112
5181 3892
2769 9329
9112 9754
7553 1944
5043 8851
5527 2994
9025 7461
1853 788
4847 7335
5407 6544
8425 2853
875 8893
8911 4114
1137 3157
4666 5949
5041 6792
8944 7926
4057 104
7471 8332
1028 1964
1821 1173
5971 3880
2290 6391
2249 4531
3816 1719
194 2659
6965 9914
4153 3180
5302 9316
2398 7331
7416 8779
8576 634
412 518
9872 5044
878 469
925 7728
5471 9400
9086 2014
7125 5133
3575 1279
7199 8883
2333 1299
5731 7622
6160 1097
8189 4774
7564 186
2566 4863
1316 7286
7007 4558
3789 4662
9746 1816
5449 8445
7909 1818
9190 5254
9102 2107
1936 8766
9492 8062
6089 5474
3642 8799
1147 9594
1125 7243
1657 733
495 7264
5604 5693
3856 1823
9494 6976
9988 4279
1051 2525
8708 4662
2806 5968
1332 146
4919 4342
6532 6811
8821 3046
5875 5631
8697 9110
7393 2572
830 7554
7886 3051
9957 2145
2386 969
4684 6475
4727 7708
8897 5595
1931 313
8260 7240
6649 4221
2895 416
7881 9293
3611 5476
6242 1973
6718 5870
9189 4901
2275 1550
9710 328
7022 4252
5952 5591
8321 3918
6905 2849
4498 4408
5060 5505
972 4789
8372 9869
1372 7204
8738 2751
4888 31
8870 2090
2731 5380
9871 1166
8163 8721
5859 3714
4655 3396
1745 1112
3461 2904
2400 299
3535 3083
6692 6192
7637 8492
9075 3766
9172 9595
9075 4857
332 4612
1924 4549
2001 6046
3540 8172
174 690
4799 8034
1543 2935
4335 1245
5607 1217
6923 4429
7162 5786
1387 2011
4534 6498
8043 5637
9566 279
6561 9243
786 3508
1476 4894
8236 8683
1594 7686
2898 9571
8489 417
9020 5748
2771 3113
8600 6682
5174 4414
4813 5898
7415 2575
366 6469
8253 7362
9366 4822
801 8726
347 2629
6560 2893
9844 1475
7360 5963
562 8173
6338 4426
7589 5913
7295 4239
5069 2855
6423 951
5493 6508
5792 7448
4992 6316
9425 6299
8189 1380
7700 2645
1353 6582
8443 7681
5122 9922
5912 5419
8101 6286
2881 3473
2678 3461
5465 2095
1306 743
8053 6082
3478 3294
8985 1450
282 4872
8361 9850
8395 8393
4465 8154
7065 9287
4443 7989
2202 5450
1814 3672
4376 2100
6942 8990
5167 3204
5644 4716
8342 2478
1464 7648
8652 3040
7386 702
1649 1658
3187 9103
3252 1129
5391 8344
6960 5094
5154 7631
712 3163
400 534
3466 4614
4199 5744
9740 288
2243 8155
30 4211
3909 8600
3810 3085
9527 8613
3725 5499
98 4859
1770 6102
8577 817
8693 1739
2837 6856
1856 4471
3843 664
3794 5575
4715 1926
720 312
9294 1049
4181 7190
2400 2690
7611 406
9672 3404
8271 8534
7290 2050
6808 2877
1606 5316
9867 2922
9721 4717
9637 9055
9675 1194
5507 3222
5451 1083
8679 2942
3511 7351
4224 6837
8980 5869
583 2590
4535 6204
3882 4680
6088 6946
8259 9175
8806 6268
6554 823
3575 6020
270 5346
1277 2150
837 164
2140 8724
6369 2512
3491 5975
5923 5991
5587 8262
8445 8354
8102 5234
1765 9840
5679 3619
1854 8605
752 5754
4009 7432
729 685
6351 7004
7074 2882
1108 3994
5635 2986
9960 4563
6125 4766
8101 9671
2645 8712
530 2709
9498 4227
143 6388
6566 7516
5696 8823
6158 360
5816 7303
7764 5617
8805 3844
1652 2316
3198 9377
1979 1282
2585 7504
4527 6186
7279 5306
4534 2932
5035 7872
444 3411
8077 4237
1876 6389
9158 2687
5845 9825
2039 2054
3637 4925
7395 7576
7783 4369
8999 5274
6214 3439
9845 3640
1011 6618
3513 7961
9563 4707
4455 9980
3892 1685
6753 6023
9156 4570
7960 4271
7807 6478
7917 3306
2534 6877
1579 925
5062 6200
6698 6973
2590 592
6775 3844
1254 1670
9799 1675
5745 2886
7050 3271
4979 9941
5146 7772
506 2972
2954 2971
9476 9088
9981 7978
9814 5593
2556 5103
8735 4778
6873 2324
131 1402
3547 9356
7368 9124
6961 8021
7315 5118
665 6365
8028 8484
3273 564
4222 5264
934 2525
413 2351
3987 7621
461 1388
68 6248
4474 5565
9261 8273
6707 2625
9153 5473
2528 1360
2323 3419
9826 19
6182 7441
9730 1386
9548 8721
5396 6322
4516 9290
5336 3219
5824 305
8871 8132
20 5555
8915 6461
4550 4081
6766 821
1643 1979
7991 4350
5603 1227
5483 3440
8527 6916
6599 9547
6487 9539
5832 6951
2183 1953
6030 1227
7270 951
8560 7239
328 1053
1656 4148
8877 5627
1768 5398
843 3243
2577 3577
9001 8230
8583 8670
8804 1706
6698 8119
5330 7859
4315 8618
581 9894
6851 597
2174 2516
668 5274
4094 1065
1576 4510
1537 8704
8431 1347
9282 237
8632 6078
5172 4690
3109 9913
8082 4634
4566 4212
4604 3839
8838 4830
1318 7795
1229 9363
5080 7810
8507 1072
1530 9577
9460 1443
8590 4814
7173 6230
2450 8511
6687 2582
9851 3153
3690 4552
9137 2964
3809 9483
588 759
9852 6671
1097 980
5228 9215
7557 5332
9095 2831
2108 6790
2967 398
3345 7400
5853 4719
9247 3335
3285 9963
8918 4404
9044 1019
2502 4663
2217 8601
3378 1715
7784 3987
666 9383
7332 7049
48 9345
7879 8720
1855 1739
3286 79
1087 1592
5346 6765
6797 6174
6935 6898
9276 4244
9281 9344
4896 5246
3994 777
2482 8550
284 8848
8208 2762
1513 4695
3586 1535
1707 6648
6429 315
6358 8670
9834 2936
2132 8910
1946 8437
4546 2993
748 9592
1883 7552
7049 7698
2481 6250
3367 1813
9958 4110
324 579
9559 7170
9328 9544
6844 6728
3173 7780
5854 5378
9990 8823
2752 5905
5918 9350
3396 911
8961 4455
1241 5499
8629 266
7914 1625
6144 1472
1161 9267
9086 9270
2024 1179
5209 4544
2408 2325
6426 63
4137 9565
1410 3402
2239 3127
7584 3597
3545 3854
7 7309
870 6518
980 3990
3677 4132
3127 2119
8795 3768
6997 5174
1957 8245
8676 8090
3078 7633
8747 977
5164 1189
3378 7935
3855 9055
3353 3472
7647 4762
8397 8136
1025 9469
4813 7574
9548 9612
4035 5076
6107 326
2455 8766
2975 1369
2202 9903
395 59
9001 821
7070 8864
1258 236
7984 6161
4954 103
830 6477
5315 1824
2033 5026
1604 695
8203 921
4690 4500
8378 6316
539 9809
9658 9793
6434 3249
4760 3804
8395 916
2118 5792
1253 2025
657 6007
6798 3079
6041 3642
6394 2232
5815 6026
5898 353
7009 17
7052 6419
6162 4397
2955 377
9800 7903
5095 4359
985 4460
7248 6740
3472 2418
5006 7311
9335 4241
5013 5193
6906 7325
4263 575
4457 8662
2691 6676
5667 5675
2084 1753
9720 7315
5242 1465
7048 2702
5585 5660
6942 3870
8485 8557
939 9059
127 8377
1822 8805
3941 8604
5194 585
8238 419
4886 8964
611 7157
5295 6843
7757 3806
8516 1004
272 8333
9978 1772
6998 9396
8252 6820
4520 4266
8241 3276
204 5811
7851 4596
8820 6939
3383 3572
1862 6294
5788 923
1587 5225
5323 1784
6142 4012
8790 9695
41 6941
9693 2464
3056 7355
1999 4083
4909 1981
6846 6272
331 3881
1269 9160
8798 7600
5739 8572
7977 2332
760 966
8007 7251
2507 8366
6928 7930
70 3359
9405 4771
8572 2055
5365 6099
6252 8312
8578 9922
5143 619
7401 3010
9407 2757
7723 962
2135 8359
2825 7842
2746 8770
5623 7298
9992 1938
6922 3324
3040 3114
8364 9618
1092 3246
3155 44
9648 9742
6463 2709
4263 3920
4269 1544
4509 8563
2187 8087
8499 3938
7092 8101
7345 1686
9706 9777
3609 3866
9780 5391
6824 7265
6259 3753
1051 7951
7847 586
3332 1182
3572 1487
9309 6428
452 1762
6683 885
7781 8513
9207 1990
1157 4836
8436 3565
5763 8896
5977 8478
367 1122
67 6064
6002 1404
996 9740
1774 8807
8581 838
8630 3024
7337 6362
4743 376
1403 8092
7634 753
5865 2981
3036 6498
3717 7718
2152 1169
9019 8452
3106 7706
3694 2907
5432 3031
2068 794
822 3658
5383 5402
8862 4827
1160 8420
9786 8595
6340 2139
9164 2607
8243 7234
951 7958
2960 9286
7906 1917
2587 6079
7764 2584
9283 5091
5074 1260
2562 9336
6761 4721
9392 2290
7788 9668
6041 7051
6675 3937
2749 7124
5979 4538
2508 8899
8693 2801
835 8018
6507 5343
9689 6659
6989 5035
8574 3079
7241 273
2483 4558
8162 6983
6335 7926
400 7052
5082 8572
3992 5560
7129 6573
2323 6023
7226 5601
6374 3625
8092 617
3611 9224
7081 1701
8216 7720
7631 8276
948 8825
2099 5556
4332 3996
3912 3878
1581 5193
2018 2657
6607 8098
256 398
5039 2219
4893 3265
7483 6257
8901 757
4007 6283
1496 3272
2753 1893
7826 3768
9178 6445
1100 2189
6212 9242
8257 2228
1427 8047
4923 8867
8737 6071
6808 3220
6810 2551
4227 8724
3786 7092
7853 5044
6451 7920
4570 434
9739 4664
7012 4080
5088 8374
859 2254
133 9942
4418 7440
5809 3309
4746 8152
4746 252
9065 2741
4848 8266
1313 6554
9025 1648
3935 2461
9584 8517
3422 2892
152 1772
827 9809
6670 6862
9743 4756
8729 9953
7048 267
1362 8071
2173 6829
1354 9361
1843 7291
8245 9929
5015 1764
9076 2188
5245 5199
7905 2650
1144 196
3959 591
2433 3013
1880 6735
5860 7628
7750 666
4450 4262
3912 421
2077 1999
8084 2579
9793 6785
145 7390
5087 9440
5880 6611
4108 4634
1190 3516
1554 1336
5656 7658
352 8950
4507 7421
6751 5680
8337 5914
8391 3691
640 5753
5379 4415
897 9212
7064 8500
5732 7030
6016 6908
710 521
4887 6359
5415 3181
7936 1917
9734 3766
8280 665
9907 3328
8419 8476
9282 5974
9673 1799
6895 8832
9824 3549
5903 3841
5095 9816
7498 5947
6845 131
9608 4839
1824 1001
8543 531
1634 7665
741 4634
1629 3919
2790 1085
5599 2284
4377 2291
6994 1814
9486 4530
9477 8819
1429 9909
4522 4854
1600 1189
7771 9134
9993 2201
3261 9622
5950 1898
1608 7851
7416 526
6786 4410
4447 686
6555 3974
2460 797
759 9326
596 9256
1601 4447
3265 8773
94 2146
3213 1965
4488 8691
3232 3138
6534 3408
3055 4401
7361 9051
8668 9667
9365 3725
2699 8628
5697 6756
5329 7345
76 2342
7594 477
6865 3430
8351 486
4460 6110
4101 8817
2579 1683
7111 9575
6714 3843
8742 289
3464 1413
2470 1079
1995 7876
2924 2579
3471 9083
6333 1825
2894 6367
2192 8746
1060 597
8385 4831
1156 114
2786 1675
3168 963
464 4790
3049 5941
1201 3088
4934 7213
4605 6574
1183 5805
4472 8609
7235 155
7733 3301
5506 9019
8145 3064
8320 1003
1078 6093
3725 6523
433 7421
4947 5958
5482 2970
6391 2354
7156 9789
2725 2369
747 384
4591 5619
6323 8729
4959 2731
3494 4826
8672 1033
1588 536
4554 1488
1565 3926
4111 7069
4713 5756
9828 3837
3587 4292
6835 570
2800 4563
9306 8536
7864 5473
3881 9224
7481 952
2263 4345
6499 5557
1683 8736
3496 3197
2019 3866
8426 1784
7884 3267
6377 9124
9827 7330
1933 373
2839 486
6104 2371
2210 9547
6595 7273
8703 55
7245 8671
2838 1880
3529 3199
6486 9000
2491 9167
1808 4606
9017 980
1828 6254
52 5496
3040 5532
4013 2042
1827 84
1169 6827
7711 4948
3787 5516
901 4382
190 4957
3398 755
8038 6558
8783 3814
2520 9454
7660 3918
4925 5684
5046 9172
3058 499
5757 5688
9199 7583
4303 3539
7851 198
207 3066
8838 4024
8188 3087
3969 9209
4785 866
6162 1011
4179 9544
3171 5685
